"","8941-4567-5858","0127-9034-1922","7891-5057-6642","3432-9922-9130","2559-5465-1064","7835-5469-3381","9754-2475-5004","7145-9468-2691"
"","Skyblock Tycoon","Farm Tycoon","Edit Course","Fishing Tycoon","Infinite Edit Course","Free Build Practice","Ranked 1V1","Ultimate Fishing Tycoon"
"08/11/25","","","2","","",""," "," "
"09/11/25","","","2","","","",""," "
"10/11/25","3","","","","","","","1"
"11/11/25","","",""," "," ","",""," "
"12/11/25","","1",""," ","","",""," "
"13/11/25","","","",""," ","",""," "
"14/11/25","","","1",""," ","","",""